R : (770,885)
1 : (360,701)
2 : (249,626)
3 : (252,287)
4 : (841,871)
5 : (243,163)
6 : (932,73)
7 : (706,980)
8 : (179,904)
9 : (904,72)
10 : (871,871)
11 : (289,62)
12 : (664,126)
13 : (262,323)
14 : (233,967)
15 : (59,5)
16 : (385,398)
17 : (615,946)
18 : (720,159)
19 : (507,968)
20 : (769,845)
21 : (817,336)
22 : (397,864)
23 : (831,48)
24 : (265,974)
25 : (379,124)
26 : (947,16)
27 : (393,532)
28 : (78,558)
29 : (171,858)
30 : (495,940)
31 : (648,347)
32 : (111,1)
33 : (663,459)
34 : (695,215)
35 : (431,481)
36 : (418,185)
37 : (940,921)
38 : (129,950)
39 : (840,164)
40 : (414,321)
41 : (103,328)
42 : (79,527)
43 : (14,715)
44 : (758,518)
45 : (467,521)
46 : (303,529)
47 : (879,775)
48 : (197,116)
49 : (956,412)
50 : (572,258)
