R : (673,487)
1 : (536,707)
2 : (70,103)
3 : (337,999)
4 : (598,778)
5 : (585,978)
6 : (494,351)
7 : (674,622)
8 : (28,766)
9 : (585,357)
10 : (690,243)
11 : (311,256)
12 : (201,254)
13 : (912,460)
14 : (362,629)
15 : (30,805)
16 : (927,764)
17 : (726,554)
18 : (862,64)
19 : (156,448)
20 : (607,405)
21 : (623,158)
22 : (656,676)
23 : (541,517)
24 : (386,110)
25 : (600,463)
26 : (832,131)
27 : (726,262)
28 : (329,822)
29 : (884,274)
30 : (240,199)
31 : (575,676)
32 : (385,447)
33 : (303,181)
34 : (687,58)
35 : (491,623)
36 : (673,866)
37 : (745,714)
38 : (698,236)
39 : (641,145)
40 : (102,472)
41 : (654,229)
42 : (414,472)
43 : (796,378)
44 : (210,318)
45 : (380,332)
46 : (139,344)
47 : (428,406)
48 : (739,917)
49 : (799,503)
50 : (930,987)
51 : (171,218)
52 : (716,88)
53 : (765,365)
54 : (542,255)
55 : (879,345)
56 : (16,75)
57 : (875,253)
58 : (336,284)
59 : (259,721)
60 : (893,468)
61 : (112,700)
62 : (246,847)
63 : (435,331)
64 : (233,711)
65 : (691,784)
66 : (578,246)
67 : (378,707)
68 : (686,843)
69 : (899,766)
70 : (755,320)
71 : (532,276)
72 : (369,930)
73 : (830,794)
74 : (950,593)
75 : (768,464)
76 : (678,636)
77 : (482,894)
78 : (321,222)
79 : (328,933)
80 : (627,105)
81 : (419,956)
82 : (657,123)
83 : (777,368)
84 : (150,701)
85 : (789,745)
86 : (25,533)
87 : (888,774)
88 : (765,634)
89 : (121,93)
90 : (556,722)
91 : (448,691)
92 : (399,112)
93 : (352,648)
94 : (265,996)
95 : (985,230)
96 : (240,437)
97 : (375,339)
98 : (255,877)
99 : (419,367)
100 : (113,433)
101 : (504,964)
102 : (235,270)
103 : (167,329)
104 : (681,461)
105 : (367,702)
106 : (16,940)
107 : (701,91)
108 : (88,600)
109 : (994,756)
110 : (836,239)
111 : (998,441)
112 : (126,965)
113 : (888,614)
114 : (142,761)
115 : (364,180)
116 : (147,111)
117 : (643,7)
118 : (310,688)
119 : (121,328)
120 : (436,15)
121 : (784,231)
122 : (70,337)
123 : (26,960)
124 : (12,944)
125 : (788,170)
126 : (174,23)
127 : (957,786)
128 : (427,678)
129 : (411,598)
130 : (675,49)
131 : (191,59)
132 : (106,900)
133 : (826,70)
134 : (813,360)
135 : (870,603)
136 : (217,908)
137 : (611,142)
138 : (641,618)
139 : (205,268)
140 : (583,448)
141 : (380,4)
142 : (877,489)
143 : (908,787)
144 : (293,445)
145 : (474,193)
146 : (687,974)
147 : (661,430)
148 : (331,685)
149 : (313,929)
150 : (258,95)
151 : (318,740)
152 : (453,191)
153 : (706,460)
154 : (587,327)
155 : (234,440)
156 : (314,10)
157 : (552,861)
158 : (586,789)
159 : (952,761)
160 : (110,822)
161 : (796,170)
162 : (817,283)
163 : (438,359)
164 : (79,51)
165 : (62,37)
166 : (22,104)
167 : (493,767)
168 : (587,311)
169 : (609,821)
170 : (609,702)
171 : (308,14)
172 : (568,723)
173 : (92,276)
174 : (542,785)
175 : (22,13)
176 : (3,894)
177 : (213,630)
178 : (799,166)
179 : (480,497)
180 : (921,244)
181 : (498,821)
182 : (138,697)
183 : (101,643)
184 : (79,812)
185 : (400,894)
186 : (798,749)
187 : (656,313)
188 : (627,294)
189 : (439,44)
190 : (49,203)
191 : (505,319)
192 : (546,260)
193 : (903,769)
194 : (139,355)
195 : (328,354)
196 : (765,35)
197 : (532,755)
198 : (628,468)
199 : (563,283)
200 : (373,978)
201 : (468,293)
202 : (108,950)
203 : (54,920)
204 : (435,747)
205 : (443,374)
206 : (497,747)
207 : (472,755)
208 : (222,71)
209 : (491,203)
210 : (603,704)
211 : (895,649)
212 : (755,200)
213 : (361,311)
214 : (53,956)
215 : (47,170)
216 : (190,809)
217 : (702,350)
218 : (313,86)
219 : (16,129)
220 : (24,933)
221 : (646,234)
222 : (562,7)
223 : (910,618)
224 : (883,686)
225 : (226,813)
226 : (47,155)
227 : (982,922)
228 : (293,176)
229 : (792,884)
230 : (341,676)
231 : (358,379)
232 : (445,547)
233 : (262,966)
234 : (571,728)
235 : (889,529)
236 : (826,848)
237 : (838,62)
238 : (237,165)
239 : (725,994)
240 : (85,327)
241 : (189,230)
242 : (787,699)
243 : (937,412)
244 : (564,587)
245 : (256,904)
246 : (27,940)
247 : (250,816)
248 : (209,404)
249 : (465,55)
250 : (414,28)
251 : (6,63)
252 : (425,705)
253 : (63,812)
254 : (781,844)
255 : (268,24)
256 : (722,353)
257 : (738,469)
258 : (439,787)
259 : (704,563)
260 : (353,837)
261 : (580,495)
262 : (940,922)
263 : (678,586)
264 : (171,52)
265 : (783,875)
266 : (516,932)
267 : (81,767)
268 : (76,567)
269 : (624,754)
270 : (179,541)
271 : (701,873)
272 : (716,981)
273 : (158,724)
274 : (327,712)
275 : (588,280)
276 : (771,623)
277 : (388,814)
278 : (907,752)
279 : (649,528)
280 : (647,377)
281 : (920,656)
282 : (941,694)
283 : (37,789)
284 : (428,711)
285 : (839,273)
286 : (232,67)
287 : (516,341)
288 : (311,722)
289 : (621,773)
290 : (484,515)
291 : (83,456)
292 : (960,929)
293 : (129,826)
294 : (810,578)
295 : (629,960)
296 : (387,985)
297 : (704,507)
298 : (854,525)
299 : (345,626)
300 : (580,680)
301 : (741,567)
302 : (671,219)
303 : (819,629)
304 : (989,421)
305 : (1,25)
306 : (671,733)
307 : (857,189)
308 : (208,828)
309 : (202,974)
310 : (950,526)
311 : (848,479)
312 : (181,292)
313 : (569,764)
314 : (760,651)
315 : (243,91)
316 : (641,119)
317 : (441,203)
318 : (486,677)
319 : (446,999)
320 : (945,297)
321 : (798,636)
322 : (462,296)
323 : (444,49)
324 : (196,724)
325 : (72,452)
326 : (634,533)
327 : (310,896)
328 : (524,915)
329 : (547,959)
330 : (134,752)
331 : (961,619)
332 : (996,261)
333 : (218,871)
334 : (16,501)
335 : (977,555)
336 : (389,525)
337 : (527,224)
338 : (294,493)
339 : (124,405)
340 : (535,798)
341 : (484,227)
342 : (915,435)
343 : (165,415)
344 : (702,122)
345 : (773,490)
346 : (131,516)
347 : (24,275)
348 : (422,365)
349 : (136,123)
350 : (613,275)
351 : (830,837)
352 : (233,295)
353 : (128,722)
354 : (890,787)
355 : (539,75)
356 : (512,434)
357 : (6,892)
358 : (576,412)
359 : (464,631)
360 : (839,275)
361 : (437,100)
362 : (738,980)
363 : (115,483)
364 : (136,566)
365 : (257,983)
366 : (303,991)
367 : (666,204)
368 : (325,820)
369 : (56,295)
370 : (139,342)
371 : (524,1)
372 : (610,877)
373 : (375,390)
374 : (441,747)
375 : (886,43)
376 : (893,90)
377 : (816,272)
378 : (591,948)
379 : (394,12)
380 : (314,905)
381 : (295,832)
382 : (179,92)
383 : (408,907)
384 : (640,366)
385 : (749,912)
386 : (257,972)
387 : (904,484)
388 : (106,28)
389 : (4,343)
390 : (782,61)
391 : (241,813)
392 : (193,509)
393 : (550,651)
394 : (325,734)
395 : (266,506)
396 : (350,224)
397 : (57,463)
398 : (882,918)
399 : (510,188)
400 : (915,680)
401 : (382,420)
402 : (763,526)
403 : (676,158)
404 : (792,54)
405 : (540,786)
406 : (570,278)
407 : (546,516)
408 : (739,456)
409 : (423,146)
410 : (595,162)
411 : (537,465)
412 : (365,602)
413 : (667,240)
414 : (744,905)
415 : (185,383)
416 : (254,555)
417 : (890,673)
418 : (973,673)
419 : (461,283)
420 : (646,341)
421 : (346,142)
422 : (187,20)
423 : (526,706)
424 : (756,775)
425 : (44,334)
426 : (32,725)
427 : (581,899)
428 : (41,380)
429 : (930,521)
430 : (143,185)
431 : (291,829)
432 : (487,840)
433 : (85,554)
434 : (406,926)
435 : (503,826)
436 : (611,250)
437 : (666,593)
438 : (472,442)
439 : (153,610)
440 : (849,923)
441 : (278,295)
442 : (109,380)
443 : (415,965)
444 : (293,129)
445 : (589,796)
446 : (230,372)
447 : (813,574)
448 : (139,536)
449 : (30,669)
450 : (476,5)
451 : (616,278)
452 : (430,798)
453 : (860,807)
454 : (510,234)
455 : (679,996)
456 : (946,615)
457 : (40,935)
458 : (99,353)
459 : (952,723)
460 : (64,584)
461 : (651,244)
462 : (192,462)
463 : (827,841)
464 : (623,449)
465 : (705,981)
466 : (791,730)
467 : (95,761)
468 : (822,818)
469 : (415,827)
470 : (312,750)
471 : (707,535)
472 : (420,448)
473 : (86,480)
474 : (803,406)
475 : (851,12)
476 : (164,580)
477 : (935,711)
478 : (2,404)
479 : (314,50)
480 : (475,611)
481 : (369,454)
482 : (669,488)
483 : (701,20)
484 : (323,270)
485 : (529,88)
486 : (932,347)
487 : (48,183)
488 : (46,786)
489 : (198,600)
490 : (721,407)
491 : (937,808)
492 : (395,882)
493 : (677,394)
494 : (206,826)
495 : (913,272)
496 : (210,562)
497 : (123,609)
498 : (811,229)
499 : (133,439)
500 : (637,109)
501 : (743,934)
502 : (338,617)
503 : (392,701)
504 : (106,708)
505 : (268,382)
506 : (588,543)
507 : (89,529)
508 : (480,658)
509 : (652,102)
510 : (68,990)
511 : (87,329)
512 : (380,393)
513 : (215,398)
514 : (436,334)
515 : (722,751)
516 : (598,377)
517 : (112,164)
518 : (393,238)
519 : (628,422)
520 : (28,933)
521 : (682,778)
522 : (366,151)
523 : (270,617)
524 : (144,901)
525 : (226,145)
526 : (457,476)
527 : (557,91)
528 : (337,111)
529 : (534,145)
530 : (415,471)
531 : (563,228)
532 : (594,66)
533 : (744,869)
534 : (420,808)
535 : (213,702)
536 : (128,798)
537 : (306,364)
538 : (235,959)
539 : (342,928)
540 : (371,841)
541 : (754,774)
542 : (547,594)
543 : (378,791)
544 : (260,187)
545 : (306,114)
546 : (691,150)
547 : (712,808)
548 : (692,902)
549 : (752,131)
550 : (510,147)
551 : (748,935)
552 : (82,753)
553 : (678,889)
554 : (955,334)
555 : (735,308)
556 : (413,782)
557 : (113,258)
558 : (533,25)
559 : (34,672)
560 : (577,292)
561 : (968,716)
562 : (603,546)
563 : (196,813)
564 : (882,644)
565 : (205,763)
566 : (784,432)
567 : (544,709)
568 : (758,968)
569 : (736,19)
570 : (819,628)
571 : (482,50)
572 : (48,286)
573 : (729,904)
574 : (84,349)
575 : (117,904)
576 : (855,59)
577 : (570,439)
578 : (567,390)
579 : (422,544)
580 : (986,705)
581 : (699,129)
582 : (625,213)
583 : (512,534)
584 : (586,186)
585 : (456,44)
586 : (469,327)
587 : (681,538)
588 : (606,686)
589 : (846,402)
590 : (111,419)
591 : (962,140)
592 : (582,323)
593 : (616,834)
594 : (94,33)
595 : (621,372)
596 : (282,984)
597 : (254,993)
598 : (45,722)
599 : (559,175)
600 : (871,384)
601 : (35,743)
602 : (384,716)
603 : (597,47)
604 : (625,826)
605 : (464,764)
606 : (327,61)
607 : (646,929)
608 : (174,42)
609 : (545,477)
610 : (629,833)
611 : (233,870)
612 : (620,679)
613 : (302,928)
614 : (592,556)
615 : (915,555)
616 : (441,635)
617 : (170,502)
618 : (995,212)
619 : (706,747)
620 : (239,230)
621 : (372,56)
622 : (747,38)
623 : (679,289)
624 : (981,428)
625 : (873,760)
626 : (653,205)
627 : (751,837)
628 : (409,333)
629 : (663,662)
630 : (717,355)
631 : (340,111)
632 : (429,170)
633 : (165,729)
634 : (592,68)
635 : (286,935)
636 : (384,372)
637 : (389,451)
638 : (874,251)
639 : (700,42)
640 : (343,221)
641 : (657,27)
642 : (264,136)
643 : (162,63)
644 : (4,119)
645 : (12,71)
646 : (596,441)
647 : (791,199)
648 : (178,383)
649 : (916,475)
650 : (839,710)
651 : (471,26)
652 : (226,15)
653 : (388,919)
654 : (983,353)
655 : (676,751)
656 : (723,477)
657 : (781,43)
658 : (695,636)
659 : (383,463)
660 : (518,804)
661 : (832,288)
662 : (782,783)
663 : (743,544)
664 : (744,913)
665 : (538,65)
666 : (86,372)
667 : (500,20)
668 : (986,268)
669 : (71,170)
670 : (614,104)
671 : (507,230)
672 : (87,798)
673 : (118,144)
674 : (63,235)
675 : (514,313)
676 : (989,265)
677 : (565,628)
678 : (784,533)
679 : (266,472)
680 : (321,469)
681 : (144,219)
682 : (4,33)
683 : (356,223)
684 : (986,38)
685 : (130,10)
686 : (907,747)
687 : (224,333)
688 : (163,540)
689 : (139,18)
690 : (37,109)
691 : (617,640)
692 : (181,262)
693 : (720,428)
694 : (213,749)
695 : (408,55)
696 : (73,55)
697 : (885,761)
698 : (583,531)
699 : (247,171)
700 : (452,719)
701 : (78,299)
702 : (390,929)
703 : (513,782)
704 : (628,477)
705 : (784,339)
706 : (107,53)
707 : (548,956)
708 : (812,493)
709 : (788,230)
710 : (828,394)
711 : (90,872)
712 : (311,1)
713 : (497,235)
714 : (856,777)
715 : (530,861)
716 : (581,926)
717 : (462,989)
718 : (781,124)
719 : (551,516)
720 : (726,61)
721 : (314,554)
722 : (272,229)
723 : (132,326)
724 : (949,220)
725 : (943,534)
726 : (151,246)
727 : (986,756)
728 : (492,867)
729 : (134,301)
730 : (20,58)
731 : (119,488)
732 : (125,786)
733 : (452,667)
734 : (195,245)
735 : (952,482)
736 : (726,39)
737 : (785,817)
738 : (980,625)
739 : (427,468)
740 : (384,472)
741 : (863,68)
742 : (352,818)
743 : (767,993)
744 : (28,687)
745 : (856,325)
746 : (605,10)
747 : (475,933)
748 : (283,354)
749 : (480,333)
750 : (429,976)
751 : (378,618)
752 : (421,135)
753 : (501,278)
754 : (249,326)
755 : (625,275)
756 : (679,44)
757 : (594,956)
758 : (675,158)
759 : (575,27)
760 : (349,893)
761 : (924,707)
762 : (848,685)
763 : (955,169)
764 : (617,781)
765 : (790,581)
766 : (702,175)
767 : (113,662)
768 : (17,8)
769 : (288,932)
770 : (257,56)
771 : (659,574)
772 : (435,462)
773 : (620,878)
774 : (70,588)
775 : (389,480)
776 : (260,388)
777 : (525,673)
778 : (116,35)
779 : (476,439)
780 : (628,484)
781 : (889,726)
782 : (27,44)
783 : (747,435)
784 : (785,407)
785 : (970,288)
786 : (484,595)
787 : (46,756)
788 : (191,546)
789 : (503,290)
790 : (847,962)
791 : (846,563)
792 : (610,105)
793 : (380,826)
794 : (257,974)
795 : (5,304)
796 : (600,655)
797 : (9,884)
798 : (960,65)
799 : (954,249)
800 : (836,961)
801 : (529,889)
802 : (528,65)
803 : (676,496)
804 : (135,146)
805 : (379,933)
806 : (3,289)
807 : (188,754)
808 : (43,339)
809 : (313,63)
810 : (696,769)
811 : (59,134)
812 : (346,93)
813 : (676,198)
814 : (763,115)
815 : (149,350)
816 : (545,719)
817 : (311,88)
818 : (371,564)
819 : (565,833)
820 : (748,77)
821 : (195,901)
822 : (974,7)
823 : (372,236)
824 : (796,499)
825 : (407,518)
826 : (759,477)
827 : (43,421)
828 : (781,294)
829 : (144,469)
830 : (263,818)
831 : (144,125)
832 : (607,608)
833 : (592,771)
834 : (646,872)
835 : (733,980)
836 : (878,400)
837 : (665,47)
838 : (417,205)
839 : (933,925)
840 : (566,959)
841 : (560,482)
842 : (627,443)
843 : (940,668)
844 : (43,132)
845 : (750,157)
846 : (850,294)
847 : (973,39)
848 : (455,370)
849 : (774,542)
850 : (948,1000)
851 : (161,548)
852 : (817,859)
853 : (517,253)
854 : (316,993)
855 : (217,380)
856 : (726,586)
857 : (737,629)
858 : (906,640)
859 : (437,382)
860 : (616,132)
861 : (969,1000)
862 : (413,559)
863 : (849,686)
864 : (140,963)
865 : (902,522)
866 : (991,672)
867 : (294,307)
868 : (933,797)
869 : (29,433)
870 : (12,823)
871 : (441,53)
872 : (852,802)
873 : (69,486)
874 : (499,382)
875 : (823,37)
876 : (636,817)
877 : (707,573)
878 : (750,33)
879 : (597,77)
880 : (610,817)
881 : (171,918)
882 : (229,822)
883 : (518,785)
884 : (580,59)
885 : (316,804)
886 : (173,525)
887 : (892,732)
888 : (522,966)
889 : (628,919)
890 : (917,160)
891 : (553,128)
892 : (96,119)
893 : (443,630)
894 : (679,134)
895 : (40,110)
896 : (709,999)
897 : (4,59)
898 : (50,755)
899 : (207,649)
900 : (185,641)
901 : (594,124)
902 : (811,474)
903 : (543,299)
904 : (421,196)
905 : (428,382)
906 : (928,631)
907 : (325,500)
908 : (31,94)
909 : (169,77)
910 : (942,103)
911 : (155,403)
912 : (463,91)
913 : (828,750)
914 : (547,870)
915 : (32,253)
916 : (443,75)
917 : (816,917)
918 : (586,166)
919 : (807,407)
920 : (206,920)
921 : (553,94)
922 : (834,944)
923 : (752,389)
924 : (142,24)
925 : (256,252)
926 : (309,179)
927 : (325,288)
928 : (5,182)
929 : (689,161)
930 : (898,41)
931 : (674,989)
932 : (452,561)
933 : (596,965)
934 : (97,825)
935 : (407,617)
936 : (498,772)
937 : (970,428)
938 : (263,42)
939 : (409,523)
940 : (516,660)
941 : (325,918)
942 : (327,852)
943 : (589,573)
944 : (891,166)
945 : (426,465)
946 : (439,122)
947 : (146,459)
948 : (70,809)
949 : (483,951)
950 : (339,830)
951 : (238,652)
952 : (118,102)
953 : (317,72)
954 : (475,336)
955 : (730,290)
956 : (468,452)
957 : (921,380)
958 : (875,932)
959 : (522,978)
960 : (602,105)
961 : (862,996)
962 : (440,335)
963 : (375,564)
964 : (277,392)
965 : (429,730)
966 : (234,577)
967 : (698,101)
968 : (30,989)
969 : (136,663)
970 : (410,122)
971 : (799,27)
972 : (362,520)
973 : (232,452)
974 : (795,502)
975 : (906,487)
976 : (768,523)
977 : (491,754)
978 : (780,151)
979 : (103,624)
980 : (158,617)
981 : (516,420)
982 : (970,65)
983 : (394,358)
984 : (86,143)
985 : (618,430)
986 : (848,453)
987 : (883,131)
988 : (985,708)
989 : (736,877)
990 : (554,762)
991 : (782,563)
992 : (365,814)
993 : (360,436)
994 : (783,173)
995 : (235,850)
996 : (835,945)
997 : (522,109)
998 : (934,134)
999 : (968,638)
1000 : (389,358)
