R : (300,586)
1 : (443,405)
2 : (840,905)
3 : (112,329)
4 : (273,942)
5 : (937,592)
6 : (760,345)
7 : (190,870)
8 : (961,428)
9 : (776,881)
10 : (158,685)
11 : (558,334)
12 : (711,869)
13 : (124,331)
14 : (394,888)
15 : (410,921)
16 : (913,414)
17 : (606,564)
18 : (652,997)
19 : (235,619)
20 : (961,787)
21 : (355,635)
22 : (551,762)
23 : (612,707)
24 : (482,112)
25 : (94,655)
26 : (937,306)
27 : (416,244)
28 : (964,877)
29 : (814,15)
30 : (245,137)
31 : (92,393)
32 : (187,289)
33 : (363,994)
34 : (518,379)
35 : (464,441)
36 : (38,591)
37 : (386,345)
38 : (75,642)
39 : (809,197)
40 : (542,762)
41 : (306,878)
42 : (374,1000)
43 : (628,388)
44 : (309,227)
45 : (92,497)
46 : (144,94)
47 : (456,161)
48 : (566,926)
49 : (900,57)
50 : (793,415)
51 : (991,229)
52 : (100,607)
53 : (920,779)
54 : (430,293)
55 : (619,654)
56 : (834,951)
57 : (700,925)
58 : (296,101)
59 : (519,363)
60 : (944,502)
61 : (129,124)
62 : (747,263)
63 : (929,760)
64 : (368,436)
65 : (351,725)
66 : (963,234)
67 : (293,111)
68 : (6,203)
69 : (570,103)
70 : (835,971)
71 : (306,601)
72 : (756,131)
73 : (350,852)
74 : (242,320)
75 : (460,339)
76 : (382,895)
77 : (455,761)
78 : (179,67)
79 : (951,492)
80 : (585,573)
81 : (779,771)
82 : (422,855)
83 : (428,560)
84 : (930,652)
85 : (560,637)
86 : (178,477)
87 : (354,14)
88 : (277,206)
89 : (455,863)
90 : (681,367)
91 : (883,932)
92 : (230,135)
93 : (243,706)
94 : (959,870)
95 : (944,407)
96 : (649,381)
97 : (675,745)
98 : (974,375)
99 : (142,266)
100 : (240,299)
101 : (713,400)
102 : (837,730)
103 : (942,368)
104 : (26,37)
105 : (120,905)
106 : (86,347)
107 : (978,286)
108 : (944,682)
109 : (715,247)
110 : (587,243)
111 : (686,174)
112 : (941,734)
113 : (79,966)
114 : (497,668)
115 : (924,823)
116 : (985,623)
117 : (794,999)
118 : (459,322)
119 : (130,262)
120 : (551,885)
121 : (613,340)
122 : (285,619)
123 : (792,808)
124 : (316,671)
125 : (635,493)
126 : (804,802)
127 : (427,923)
128 : (967,513)
129 : (372,538)
130 : (731,887)
131 : (857,645)
132 : (555,742)
133 : (547,426)
134 : (42,663)
135 : (624,119)
136 : (176,857)
137 : (21,1000)
138 : (827,379)
139 : (590,859)
140 : (572,464)
141 : (697,523)
142 : (60,493)
143 : (515,80)
144 : (520,145)
145 : (94,576)
146 : (510,878)
147 : (812,178)
148 : (904,174)
149 : (767,679)
150 : (179,241)
151 : (36,192)
152 : (203,745)
153 : (835,271)
154 : (584,973)
155 : (201,890)
156 : (74,751)
157 : (16,461)
158 : (791,101)
159 : (83,760)
160 : (500,821)
161 : (290,226)
162 : (757,168)
163 : (996,949)
164 : (761,837)
165 : (191,582)
166 : (438,404)
167 : (212,731)
168 : (681,628)
169 : (520,326)
170 : (50,372)
171 : (557,327)
172 : (638,391)
173 : (581,427)
174 : (733,30)
175 : (722,996)
176 : (744,807)
177 : (56,240)
178 : (483,221)
179 : (203,765)
180 : (48,388)
181 : (888,737)
182 : (35,753)
183 : (530,745)
184 : (586,789)
185 : (18,54)
186 : (875,573)
187 : (459,805)
188 : (560,678)
189 : (87,491)
190 : (629,242)
191 : (751,421)
192 : (998,492)
193 : (81,428)
194 : (477,253)
195 : (263,424)
196 : (881,253)
197 : (910,754)
198 : (416,11)
199 : (801,677)
200 : (324,187)
